8.3 7.99838 11.4 1008.59
8.3 7.99838 11.4 1008.49
8.3 8.01505 11.3 1008.38
8.3 8.02414 11.3 1008.27
8.3 8.03323 11.3 1008.14
8.3 8.04232 11.3 1007.97
8.3 8.03323 11.4 1007.78
8.3 8.01323 11.4 1007.96
8.2 8.01212 11.5 1007.77
8.2 8.00101 11.5 1007.96
8.2 8.00101 11.5 1008.15
8.1 7.97244 11.5 1007.95
8.2 7.99148 11.5 1008.13
8.3 8.00815 11.5 1008.33
8.2 8.00482 11.4 1008.15
8.2 7.98482 11.4 1008.33
8.1 7.95982 11.4 1008.13
8.2 7.97982 11.3 1008.35
8.2 7.97982 11.3 1008.58
8.3 8.02982 11.3 1008.83
8.4 8.07148 11.3 1009.1
8.6 8.09648 11.3 1009.38
8.8 8.09648 11.3 1009.68
8.6 8.12148 11.2 1009.35
8.8 8.07148 11.2 1009.7
9.1 8.04648 11.2 1010.08
9.3 8.01315 11.2 1010.54
9.1 8.11315 11.2 1009.94
9.3 7.94648 11.2 1010.48
