13.9 8.92104 11 1019.06
13.9 8.92937 11.1 1019.17
14 8.91952 11.3 1019.28
14 8.93771 11.3 1019.41
14 8.95589 11.3 1019.58
14 8.97407 11.3 1019.77
14.1 8.97498 11.3 1019.96
14.2 8.9872 11.3 1020.15
14.3 8.99831 11.3 1020.35
14.4 9.02331 11.3 1020.55
14.5 9.06617 11.3 1020.75
14.3 9.00367 11.4 1020.54
14.4 9.037 11.5 1020.74
14.2 8.98272 11.4 1020.52
14.1 8.96272 11.3 1020.32
14 8.91272 11.3 1020.12
14.1 8.95772 11.3 1020.34
14.2 8.99772 11.3 1020.58
14.3 9.08105 11.3 1020.83
14.4 9.15605 11.3 1021.11
14.6 9.23105 11.3 1021.38
14.8 9.28105 11.3 1021.68
14.6 9.25605 11.2 1021.36
14.8 9.25605 11.2 1021.71
15.1 9.33105 11.2 1022.08
15.4 9.33105 11.2 1022.48
15.2 9.33105 11.2 1021.88
15 9.39772 11.2 1021.25
