17.7 9.6042 10.2 1027.06
17.7 9.6042 10.2 1026.96
17.7 9.62087 10.1 1026.85
17.7 9.6542 9.9 1026.74
17.6 9.71026 9.6 1026.62
17.6 9.65572 9.7 1026.75
17.5 9.70935 9.6 1026.61
17.5 9.75935 9.5 1026.46
17.5 9.78158 9.6 1026.3
17.5 9.8038 9.8 1026.14
17.6 9.80519 10 1025.95
17.4 9.7909 9.9 1026.14
17.5 9.8034 10 1025.94
17.7 9.81173 10 1025.72
18 9.80923 10.1 1025.48
18.3 9.79923 10.2 1025.22
18.6 9.83138 10.2 1024.99
18.8 9.84804 10.2 1024.84
19 9.85638 10.2 1024.67
19.2 9.85638 10.3 1024.47
19.5 9.85638 10.4 1024.27
19.9 9.82304 10.4 1024.02
20.4 9.85638 10.4 1023.82
