17.1 10.7371 10.4 1028.63
17.1 10.7454 10.5 1028.74
17.1 10.7371 10.7 1028.85
17.1 10.7704 10.2 1028.74
17.1 10.7432 10.6 1028.86
17.1 10.7159 10.9 1029
17.1 10.6959 11 1029.15
17.1 10.6848 11.1 1029.3
17.1 10.707 10.9 1029.15
17.1 10.7292 10.8 1029
17.1 10.7167 10.8 1029.15
17 10.7114 10.7 1028.98
17 10.6971 10.8 1029.13
17 10.6828 10.8 1028.94
17 10.6328 10.9 1028.74
17.1 10.5428 11 1028.5
17.3 10.4595 11 1028.25
17.5 10.3678 11 1027.98
17.7 10.2678 11 1027.68
18 10.1345 11 1027.34
18.3 9.98446 11.1 1026.98
18 10.0945 11 1027.33
17.7 10.1945 10.9 1027.73
18 10.0645 10.9 1027.18
18.3 9.90446 10.9 1026.68
18.6 9.71446 11 1026.13
18.9 9.53446 11.1 1025.53
19.1 9.43446 11.1 1024.93
