11.9 9.02484 11.4 1015.28
11.9 9.02484 11.4 1015.18
11.9 9.04151 11.3 1015.07
11.9 9.0506 11.3 1014.96
11.9 9.05969 11.3 1014.83
11.9 9.06878 11.3 1014.66
11.9 9.05969 11.4 1014.47
11.9 9.03969 11.4 1014.65
11.8 9.03858 11.5 1014.46
11.8 9.02747 11.5 1014.65
11.8 9.02747 11.5 1014.84
11.7 8.9989 11.5 1014.64
11.8 9.01794 11.5 1014.82
11.9 9.03461 11.5 1015.02
11.8 9.03128 11.4 1014.84
11.8 9.01128 11.4 1015.02
11.7 8.98628 11.4 1014.82
11.8 9.00628 11.3 1015.04
11.8 9.00628 11.3 1015.27
11.9 9.05628 11.3 1015.52
12 9.09795 11.3 1015.79
12.2 9.12294 11.3 1016.07
12.4 9.12294 11.3 1016.37
12.2 9.14794 11.2 1016.04
12.4 9.09794 11.2 1016.39
12.7 9.07294 11.2 1016.77
12.9 9.03961 11.2 1017.23
12.7 9.13961 11.2 1016.63
12.9 8.97294 11.2 1017.17
