23.2 9.95878 11 1022.22
23.2 9.96711 11.1 1022.33
23.2 9.97545 10.9 1022.21
23.2 10.0088 10.4 1022.1
23.2 10.0361 10.1 1021.98
23.2 10.0633 9.8 1021.83
23.1 10.0506 9.8 1021.99
23 10.0462 9.8 1022.15
23 10.0462 9.8 1021.98
22.9 10.0309 9.8 1022.14
22.8 10.0523 9.7 1022.31
22.9 10.0291 9.7 1022.13
22.8 10.0696 9.6 1022.31
22.7 10.1124 9.4 1022.51
22.6 10.1791 9.3 1022.71
22.5 10.2491 9.2 1022.93
22.5 10.1491 9.3 1022.69
22.6 10.0841 9.3 1022.47
22.7 10.0141 9.2 1022.22
22.8 9.96409 9.1 1021.97
22.7 10.0191 9.1 1022.24
22.7 9.94409 9.1 1021.94
22.8 9.89409 9.1 1021.64
22.9 9.87742 9.1 1021.39
22.8 9.91076 9.1 1021.69
22.8 10.0608 9.1 1021.99
22.8 10.2108 9.1 1022.34
22.8 10.0608 9.1 1021.84
22.8 9.91076 9.1 1021.29
22.8 9.76076 9.1 1020.69
22.8 9.61076 9.1 1020.04
22.8 9.46076 9.1 1019.34
22.8 9.31076 9.1 1018.59
