9.6 10.2136 11.9 1012.5
9.6 10.2219 12 1012.61
9.7 10.2121 12.2 1012.72
9.7 10.2303 12.2 1012.85
9.7 10.2484 12.2 1013.02
9.7 10.2666 12.2 1013.21
9.8 10.2675 12.2 1013.4
9.9 10.2798 12.2 1013.59
10 10.2909 12.2 1013.79
10.1 10.3159 12.2 1013.99
10.2 10.3587 12.2 1014.19
10 10.2962 12.3 1013.98
10.1 10.3296 12.4 1014.18
9.9 10.2753 12.3 1013.96
9.8 10.2553 12.2 1013.76
9.7 10.2053 12.2 1013.56
9.8 10.2503 12.2 1013.78
9.9 10.2903 12.2 1014.02
10 10.3736 12.2 1014.27
10.1 10.4486 12.2 1014.55
10.3 10.5236 12.2 1014.82
10.5 10.5736 12.2 1015.12
10.3 10.5486 12.1 1014.8
10.5 10.5486 12.1 1015.15
10.8 10.6236 12.1 1015.52
11.1 10.6236 12.1 1015.92
10.9 10.6236 12.1 1015.32
10.7 10.6903 12.1 1014.69
