10.6 10.1617 11.7 1014.39
10.6 10.17 11.8 1014.5
10.7 10.1602 12 1014.61
10.7 10.1784 12 1014.74
10.7 10.1965 12 1014.91
10.7 10.2147 12 1015.1
10.8 10.2156 12 1015.29
10.9 10.2279 12 1015.48
11 10.239 12 1015.68
11.1 10.264 12 1015.88
11.2 10.3068 12 1016.08
11 10.2443 12.1 1015.87
11.1 10.2777 12.2 1016.07
10.9 10.2234 12.1 1015.85
10.8 10.2034 12 1015.65
10.7 10.1534 12 1015.45
10.8 10.1984 12 1015.67
10.9 10.2384 12 1015.91
11 10.3217 12 1016.16
11.1 10.3967 12 1016.44
11.3 10.4717 12 1016.71
11.5 10.5217 12 1017.01
11.3 10.4967 11.9 1016.69
11.5 10.4967 11.9 1017.04
11.8 10.5717 11.9 1017.41
12.1 10.5717 11.9 1017.81
11.9 10.5717 11.9 1017.21
11.7 10.6384 11.9 1016.58
