7.5 9.78882 11.9 1008.42
7.5 9.78882 11.9 1008.32
7.5 9.80549 11.8 1008.21
7.5 9.81458 11.8 1008.1
7.5 9.82367 11.8 1007.97
7.5 9.83276 11.8 1007.8
7.5 9.82367 11.9 1007.61
7.5 9.80367 11.9 1007.79
7.4 9.80256 12 1007.6
7.4 9.79145 12 1007.79
7.4 9.79145 12 1007.98
7.3 9.76288 12 1007.78
7.4 9.78192 12 1007.96
7.5 9.79859 12 1008.16
7.4 9.79526 11.9 1007.98
7.4 9.77526 11.9 1008.16
7.3 9.75026 11.9 1007.96
7.4 9.77026 11.8 1008.18
7.4 9.77026 11.8 1008.41
7.5 9.82026 11.8 1008.66
7.6 9.86192 11.8 1008.93
7.8 9.88692 11.8 1009.21
8 9.88692 11.8 1009.51
7.8 9.91192 11.7 1009.18
8 9.86192 11.7 1009.53
8.3 9.83692 11.7 1009.91
8.5 9.80359 11.7 1010.37
8.3 9.90359 11.7 1009.77
8.5 9.73692 11.7 1010.31
