14.9 8.86914 10.8 1020.95
14.9 8.86914 10.8 1020.85
14.9 8.88581 10.7 1020.74
14.9 8.8949 10.7 1020.63
14.9 8.90399 10.7 1020.5
14.9 8.91308 10.7 1020.33
14.9 8.90399 10.8 1020.14
14.9 8.88399 10.8 1020.32
14.8 8.88288 10.9 1020.13
14.8 8.87177 10.9 1020.32
14.8 8.87177 10.9 1020.51
14.7 8.8432 10.9 1020.31
14.8 8.86224 10.9 1020.49
14.9 8.87891 10.9 1020.69
14.8 8.87558 10.8 1020.51
14.8 8.85558 10.8 1020.69
14.7 8.83058 10.8 1020.49
14.8 8.85058 10.7 1020.71
14.8 8.85058 10.7 1020.94
14.9 8.90058 10.7 1021.19
15 8.94224 10.7 1021.46
15.2 8.96724 10.7 1021.74
15.4 8.96724 10.7 1022.04
15.2 8.99224 10.6 1021.71
15.4 8.94224 10.6 1022.06
15.7 8.91724 10.6 1022.44
15.9 8.88391 10.6 1022.9
15.7 8.98391 10.6 1022.3
15.9 8.81724 10.6 1022.84
