2.3 8.99116 12.1 998.371
2.3 8.99116 12.1 998.271
2.3 9.00783 12 998.163
2.3 9.01692 12 998.054
2.3 9.02601 12 997.917
2.3 9.0351 12 997.754
2.3 9.02601 12.1 997.563
2.3 9.00601 12.1 997.743
2.2 9.0049 12.2 997.553
2.2 8.99379 12.2 997.742
2.2 8.99379 12.2 997.929
2.1 8.96522 12.2 997.729
2.2 8.98426 12.2 997.915
2.3 9.00093 12.2 998.115
2.2 8.9976 12.1 997.931
2.2 8.9776 12.1 998.111
2.1 8.9526 12.1 997.911
2.2 8.9726 12 998.131
2.2 8.9726 12 998.356
2.3 9.0226 12 998.606
2.4 9.06427 12 998.881
2.6 9.08926 12 999.156
2.8 9.08926 12 999.456
2.6 9.11426 11.9 999.131
2.8 9.06426 11.9 999.481
3.1 9.03926 11.9 999.856
3.3 9.00593 11.9 1000.32
3.1 9.10593 11.9 999.723
3.3 8.93926 11.9 1000.26
