13.9 8.92104 11 1019.06
13.9 8.92104 11 1018.96
13.9 8.93771 10.9 1018.85
13.9 8.9468 10.9 1018.74
13.9 8.95589 10.9 1018.61
13.9 8.96498 10.9 1018.44
13.9 8.95589 11 1018.25
13.9 8.93589 11 1018.43
13.8 8.93478 11.1 1018.24
13.8 8.92367 11.1 1018.43
13.8 8.92367 11.1 1018.62
13.7 8.89509 11.1 1018.42
13.8 8.91414 11.1 1018.6
13.9 8.93081 11.1 1018.8
13.8 8.92748 11 1018.62
13.8 8.90748 11 1018.8
13.7 8.88248 11 1018.6
13.8 8.90248 10.9 1018.82
13.8 8.90248 10.9 1019.05
13.9 8.95248 10.9 1019.3
14 8.99414 10.9 1019.57
14.2 9.01914 10.9 1019.85
14.4 9.01914 10.9 1020.15
14.2 9.04414 10.8 1019.82
14.4 8.99414 10.8 1020.17
14.7 8.96914 10.8 1020.55
14.9 8.93581 10.8 1021.01
14.7 9.03581 10.8 1020.41
14.9 8.86914 10.8 1020.95
