9.8 8.60006 11.4 1011.2
9.8 8.60006 11.4 1011.1
9.8 8.61673 11.3 1010.99
9.8 8.62582 11.3 1010.88
9.8 8.63491 11.3 1010.75
9.8 8.644 11.3 1010.58
9.8 8.63491 11.4 1010.39
9.8 8.61491 11.4 1010.57
9.7 8.6138 11.5 1010.38
9.7 8.60269 11.5 1010.57
9.7 8.60269 11.5 1010.76
9.6 8.57412 11.5 1010.56
9.7 8.59316 11.5 1010.74
9.8 8.60983 11.5 1010.94
9.7 8.6065 11.4 1010.76
9.7 8.5865 11.4 1010.94
9.6 8.5615 11.4 1010.74
9.7 8.5815 11.3 1010.96
9.7 8.5815 11.3 1011.19
9.8 8.6315 11.3 1011.44
9.9 8.67317 11.3 1011.71
10.1 8.69816 11.3 1011.99
10.3 8.69816 11.3 1012.29
10.1 8.72316 11.2 1011.96
10.3 8.67316 11.2 1012.31
10.6 8.64816 11.2 1012.69
10.8 8.61483 11.2 1013.15
10.6 8.71483 11.2 1012.55
10.8 8.54816 11.2 1013.09
