4.3 8.88736 11.7 1002.15
4.3 8.89569 11.8 1002.26
4.4 8.88584 12 1002.37
4.4 8.90403 12 1002.5
4.4 8.92221 12 1002.67
4.4 8.94039 12 1002.86
4.5 8.9413 12 1003.05
4.6 8.95352 12 1003.24
4.7 8.96463 12 1003.44
4.8 8.98963 12 1003.64
4.9 9.03249 12 1003.84
4.7 8.96999 12.1 1003.63
4.8 9.00332 12.2 1003.83
4.6 8.94904 12.1 1003.61
4.5 8.92904 12 1003.41
4.4 8.87904 12 1003.21
4.5 8.92404 12 1003.43
4.6 8.96404 12 1003.67
4.7 9.04737 12 1003.92
4.8 9.12237 12 1004.2
5 9.19737 12 1004.47
5.2 9.24737 12 1004.77
5 9.22237 11.9 1004.45
5.2 9.22237 11.9 1004.8
5.5 9.29737 11.9 1005.17
5.8 9.29737 11.9 1005.57
5.6 9.29737 11.9 1004.97
5.4 9.36404 11.9 1004.34
