9.8 8.60006 11.4 1011.2
9.8 8.60839 11.5 1011.31
9.9 8.59855 11.7 1011.42
9.9 8.61673 11.7 1011.55
9.9 8.63491 11.7 1011.72
9.9 8.65309 11.7 1011.91
10 8.654 11.7 1012.1
10.1 8.66622 11.7 1012.29
10.2 8.67733 11.7 1012.49
10.3 8.70233 11.7 1012.69
10.4 8.74519 11.7 1012.89
10.2 8.68269 11.8 1012.68
10.3 8.71602 11.9 1012.88
10.1 8.66174 11.8 1012.66
10 8.64174 11.7 1012.46
9.9 8.59174 11.7 1012.26
10 8.63674 11.7 1012.48
10.1 8.67674 11.7 1012.72
10.2 8.76007 11.7 1012.97
10.3 8.83507 11.7 1013.25
10.5 8.91007 11.7 1013.52
10.7 8.96007 11.7 1013.82
10.5 8.93507 11.6 1013.5
10.7 8.93507 11.6 1013.85
11 9.01007 11.6 1014.22
11.3 9.01007 11.6 1014.62
11.1 9.01007 11.6 1014.02
10.9 9.07674 11.6 1013.39
