29.3 5.32702 14.8 1013.92
29.3 5.33535 14.9 1014.03
29.3 5.33535 14.6 1013.92
29.3 5.33535 14.3 1013.8
29.2 5.35505 13.9 1013.69
29.3 5.35126 14 1013.83
29.2 5.35581 13.7 1013.68
29.1 5.38944 13.2 1013.54
29 5.40389 12.9 1013.41
29.1 5.39944 13 1013.55
29.2 5.39389 13.2 1013.7
29.3 5.40083 13.4 1013.85
29.5 5.35956 13.8 1013.99
29.7 5.31512 14.2 1014.15
29.4 5.34845 13.8 1013.98
29 5.39067 13.4 1013.8
29.3 5.32067 13.8 1013.95
28.9 5.38317 13.5 1013.79
29.3 5.30817 13.7 1013.96
29.8 5.18317 14 1014.14
30.4 5.07067 14.2 1014.33
31.1 4.87067 14.4 1014.53
