9.6 10.2136 11.9 1012.5
9.6 10.2136 11.9 1012.4
9.6 10.2303 11.8 1012.29
9.6 10.2394 11.8 1012.18
9.6 10.2484 11.8 1012.05
9.6 10.2575 11.8 1011.88
9.6 10.2484 11.9 1011.69
9.6 10.2284 11.9 1011.87
9.5 10.2273 12 1011.68
9.5 10.2162 12 1011.87
9.5 10.2162 12 1012.06
9.4 10.1877 12 1011.86
9.5 10.2067 12 1012.04
9.6 10.2234 12 1012.24
9.5 10.22 11.9 1012.06
9.5 10.2 11.9 1012.24
9.4 10.175 11.9 1012.04
9.5 10.195 11.8 1012.26
9.5 10.195 11.8 1012.49
9.6 10.245 11.8 1012.74
9.7 10.2867 11.8 1013.01
9.9 10.3117 11.8 1013.29
10.1 10.3117 11.8 1013.59
9.9 10.3367 11.7 1013.26
10.1 10.2867 11.7 1013.61
10.4 10.2617 11.7 1013.99
10.6 10.2284 11.7 1014.45
10.4 10.3284 11.7 1013.85
10.6 10.1617 11.7 1014.39
