31.1 4.87067 14.4 1014.53
31.1 4.87067 14.4 1014.63
31.1 4.87067 14.4 1014.74
31.1 4.87067 14.4 1014.85
31.2 4.86991 14.3 1014.96
31.2 4.86991 14.3 1015.06
31.2 4.86991 14.2 1015.2
31.1 4.85446 14.2 1015.33
31.1 4.85446 14.2 1015.46
31 4.83668 14.2 1015.58
31 4.83668 14.3 1015.7
31.1 4.83251 14.3 1015.84
31 4.81585 14 1015.67
30.9 4.83549 13.7 1015.53
30.8 4.85692 13.3 1015.38
30.6 4.89025 12.9 1015.23
30.4 4.92775 12.6 1015.07
30.1 4.95275 12.4 1014.9
30.4 4.92025 12.6 1015.08
30.7 4.86668 12.8 1015.26
31 4.80239 12.9 1015.44
31.4 4.75478 13.1 1015.63
31.8 4.68811 13.3 1015.83
32.3 4.60239 13.4 1016.04
32.8 4.48097 13.5 1016.27
33.4 4.30954 13.6 1016.5
