25.4 5.31866 17.4 1019.5
25.4 5.31866 17.4 1019.6
25.4 5.31866 17.4 1019.71
25.4 5.31866 17.4 1019.82
25.5 5.3179 17.3 1019.92
25.4 5.31033 17.3 1019.81
25.3 5.30124 17.3 1019.7
25.2 5.32214 17.2 1019.59
25.2 5.30215 17.2 1019.71
25.3 5.30992 17.2 1019.84
25.2 5.31131 17.1 1019.73
25.2 5.33631 17 1019.63
25.2 5.33631 16.9 1019.49
25.2 5.38631 16.7 1019.39
25.2 5.41131 16.5 1019.25
25.2 5.39881 16.5 1019.1
25.2 5.38631 16.6 1018.94
25.2 5.41131 16.4 1019.12
25.1 5.40596 16.3 1019.27
25.1 5.39167 16.4 1019.1
25 5.43453 16.2 1019.3
24.9 5.47976 16 1019.52
25.1 5.44548 16.1 1019.2
25.3 5.45405 16.1 1018.88
25.6 5.43262 16.2 1018.53
25.9 5.40048 16.4 1018.15
26.3 5.31 16.6 1017.72
26.7 5.20048 16.9 1017.25
27.2 5.02191 17.2 1016.7
26.7 5.07191 16.9 1017.1
