14.7 10.4827 11.3 1022.25
14.7 10.4827 11.3 1022.15
14.7 10.4994 11.2 1022.04
14.7 10.5327 11 1021.93
14.8 10.5645 10.8 1021.81
14.8 10.6191 10.5 1021.69
14.9 10.6418 10.5 1021.54
15 10.6436 10.7 1021.36
15.1 10.6569 10.8 1021.19
14.9 10.6294 10.7 1021.35
14.8 10.6267 10.4 1021.53
14.6 10.6092 10.2 1021.7
14.5 10.5949 10 1021.89
14.4 10.5759 9.9 1022.05
14.3 10.6021 9.6 1022.24
14.4 10.5735 9.9 1022.04
14.3 10.6044 9.5 1022.25
14.4 10.5711 9.7 1022.02
14.5 10.5511 9.8 1021.8
14.4 10.5744 9.7 1022.04
14.3 10.6011 9.8 1022.3
14.2 10.6111 9.9 1022.55
14.2 10.5861 9.9 1022.28
14.2 10.6111 9.9 1022.58
14.3 10.6361 9.9 1022.9
14.3 10.6694 9.9 1023.27
14.3 10.7028 9.9 1023.77
14.3 10.7361 9.9 1024.3
14.2 10.9528 9.9 1025.05
