14.9 8.86914 10.8 1020.95
14.9 8.87747 10.9 1021.06
15 8.86762 11.1 1021.17
15 8.88581 11.1 1021.3
15 8.90399 11.1 1021.47
15 8.92217 11.1 1021.66
15.1 8.92308 11.1 1021.85
15.2 8.9353 11.1 1022.04
15.3 8.94641 11.1 1022.24
15.4 8.97141 11.1 1022.44
15.5 9.01427 11.1 1022.64
15.3 8.95177 11.2 1022.43
15.4 8.9851 11.3 1022.63
15.2 8.93082 11.2 1022.41
15.1 8.91082 11.1 1022.21
15 8.86082 11.1 1022.01
15.1 8.90582 11.1 1022.23
15.2 8.94582 11.1 1022.47
15.3 9.02915 11.1 1022.72
15.4 9.10415 11.1 1023
15.6 9.17915 11.1 1023.27
15.8 9.22915 11.1 1023.57
15.6 9.20415 11 1023.25
15.8 9.20415 11 1023.6
16.1 9.27915 11 1023.97
16.4 9.27915 11 1024.37
16.2 9.27915 11 1023.77
16 9.34582 11 1023.14
