12.9 8.97294 11.2 1017.17
12.9 8.98127 11.3 1017.28
13 8.97143 11.5 1017.39
13 8.98961 11.5 1017.52
13 9.00779 11.5 1017.69
13 9.02597 11.5 1017.88
13.1 9.02688 11.5 1018.07
13.2 9.0391 11.5 1018.26
13.3 9.05021 11.5 1018.46
13.4 9.07521 11.5 1018.66
13.5 9.11807 11.5 1018.86
13.3 9.05557 11.6 1018.65
13.4 9.0889 11.7 1018.85
13.2 9.03462 11.6 1018.63
13.1 9.01462 11.5 1018.43
13 8.96462 11.5 1018.23
13.1 9.00962 11.5 1018.45
13.2 9.04962 11.5 1018.69
13.3 9.13295 11.5 1018.94
13.4 9.20795 11.5 1019.22
13.6 9.28295 11.5 1019.49
13.8 9.33295 11.5 1019.79
13.6 9.30795 11.4 1019.47
13.8 9.30795 11.4 1019.82
14.1 9.38295 11.4 1020.19
14.4 9.38295 11.4 1020.59
14.2 9.38295 11.4 1019.99
14 9.44962 11.4 1019.36
