14.2 10.9528 9.9 1025.05
14.2 10.9611 10 1025.16
14.3 10.9513 10.2 1025.27
14.4 10.9392 10.4 1025.4
14.5 10.9248 10.5 1025.56
14.6 10.9193 10.6 1025.71
14.6 10.9193 10.8 1025.88
14.6 10.8993 10.7 1025.68
14.6 10.9104 10.8 1025.87
14.6 10.9354 10.9 1026.06
14.6 10.9604 10.7 1026.26
14.6 10.8979 10.8 1026.05
14.6 10.9265 10.9 1026.23
14.5 10.8765 10.9 1026.03
14.5 10.8932 10.9 1026.22
14.5 10.9098 10.9 1026.42
14.5 10.9098 11.1 1026.62
14.5 10.9098 11.2 1026.83
14.4 10.8965 11.1 1026.6
14.4 10.8565 11.2 1026.8
14.4 10.8165 11.3 1027.02
14.3 10.8265 11.3 1026.78
14.3 10.8265 11.3 1027.03
14.3 10.8265 11.2 1026.75
14.3 10.8265 11.1 1026.45
14.4 10.8515 11 1026.15
14.4 10.8848 10.9 1025.85
14.4 10.9515 10.8 1025.65
14.4 11.0182 10.8 1025.42
14.4 11.1182 10.8 1025.17
14.4 11.0182 10.8 1025.47
14.4 10.9182 10.8 1025.82
14.5 10.7682 10.8 1025.12
