11.9 9.02484 11.4 1015.28
11.9 9.03317 11.5 1015.39
12 9.02332 11.7 1015.5
12 9.04151 11.7 1015.63
12 9.05969 11.7 1015.8
12 9.07787 11.7 1015.99
12.1 9.07878 11.7 1016.18
12.2 9.091 11.7 1016.37
12.3 9.10211 11.7 1016.57
12.4 9.12711 11.7 1016.77
12.5 9.16997 11.7 1016.97
12.3 9.10747 11.8 1016.76
12.4 9.1408 11.9 1016.96
12.2 9.08652 11.8 1016.74
12.1 9.06652 11.7 1016.54
12 9.01652 11.7 1016.34
12.1 9.06152 11.7 1016.56
12.2 9.10152 11.7 1016.8
12.3 9.18485 11.7 1017.05
12.4 9.25985 11.7 1017.33
12.6 9.33485 11.7 1017.6
12.8 9.38485 11.7 1017.9
12.6 9.35985 11.6 1017.58
12.8 9.35985 11.6 1017.93
13.1 9.43485 11.6 1018.3
13.4 9.43485 11.6 1018.7
13.2 9.43485 11.6 1018.1
13 9.50152 11.6 1017.47
