14.2 10.9528 9.9 1025.05
14.2 10.9528 9.9 1024.95
14.2 10.9361 10 1024.83
14.3 10.899 10.2 1024.68
14.4 10.8596 10.4 1024.51
14.3 10.8923 10.3 1024.67
14.3 10.8423 10.5 1024.5
14.2 10.8068 10.7 1024.32
14.1 10.8123 10.7 1024.17
14 10.8221 10.7 1023.99
13.9 10.8453 10.7 1023.83
13.7 10.8536 10.8 1023.66
13.8 10.8108 10.7 1023.81
13.6 10.8393 10.8 1023.64
13.8 10.7477 10.8 1023.78
14 10.6477 10.8 1023.93
14.2 10.5393 10.9 1024.09
14.5 10.4227 10.8 1024.28
14.8 10.2893 10.8 1024.48
15.1 10.2393 10.8 1024.69
15.4 10.1727 10.7 1025.03
15.7 10.1227 10.6 1025.38
16 10.0893 10.6 1025.74
16.3 10.0393 10.6 1026.13
16 10.006 10.4 1025.73
16.3 10.0227 10.5 1026.14
16.6 10.056 10.6 1026.58
16.9 10.0727 10.8 1027.03
17.1 10.106 10.9 1027.53
17.4 10.156 10.9 1028.03
17.7 10.206 10.9 1028.58
