32.9 4.41432 14 1015.14
32.9 4.41432 14 1015.14
32.9 4.41432 14 1015.14
32.9 4.41432 14 1015.14
32.9 4.41432 14 1015.14
32.9 4.41432 14 1015.14
32.9 4.41432 14 1015.14
32.9 4.41432 14 1015.14
32.9 4.41432 14 1015.14
32.9 4.41432 14 1015.14
32.9 4.41432 14 1015.14
32.9 4.41432 14 1015.14
32.9 4.41432 14 1015.14
32.9 4.41432 14 1015.14
32.9 4.41432 14 1015.14
32.9 4.41432 14 1015.14
32.9 4.41432 14 1015.14
32.9 4.41432 14 1015.14
32.9 4.41432 14 1015.14
32.9 4.41432 14 1015.14
32.9 4.41432 14 1015.14
32.9 4.41432 14 1015.14
32.9 4.41432 14 1015.14
32.9 4.41432 14 1015.14
32.9 4.41432 14 1015.14
32.9 4.41432 14 1015.14
32.9 4.41432 14 1015.14
32.9 4.41432 14 1015.14
32.9 4.41432 14 1015.14
