6.4 9.31214 11.7 1006.23
6.4 9.32047 11.8 1006.34
6.5 9.31063 12 1006.45
6.5 9.32881 12 1006.58
6.5 9.34699 12 1006.75
6.5 9.36517 12 1006.94
6.6 9.36608 12 1007.13
6.7 9.3783 12 1007.32
6.8 9.38941 12 1007.52
6.9 9.41441 12 1007.72
7 9.45727 12 1007.92
6.8 9.39477 12.1 1007.71
6.9 9.4281 12.2 1007.91
6.7 9.37382 12.1 1007.69
6.6 9.35382 12 1007.49
6.5 9.30382 12 1007.29
6.6 9.34882 12 1007.51
6.7 9.38882 12 1007.75
6.8 9.47215 12 1008
6.9 9.54715 12 1008.28
7.1 9.62215 12 1008.55
7.3 9.67215 12 1008.85
7.1 9.64715 11.9 1008.53
7.3 9.64715 11.9 1008.88
7.6 9.72215 11.9 1009.25
7.9 9.72215 11.9 1009.65
7.7 9.72215 11.9 1009.05
7.5 9.78882 11.9 1008.42
