8.3 7.99838 11.4 1008.59
8.3 8.00671 11.5 1008.7
8.4 7.99687 11.7 1008.81
8.4 8.01505 11.7 1008.94
8.4 8.03323 11.7 1009.11
8.4 8.05141 11.7 1009.3
8.5 8.05232 11.7 1009.49
8.6 8.06454 11.7 1009.68
8.7 8.07565 11.7 1009.88
8.8 8.10065 11.7 1010.08
8.9 8.14351 11.7 1010.28
9.1 8.20601 11.6 1010.49
9.2 8.23934 11.7 1010.69
9 8.18506 11.6 1010.48
8.9 8.16506 11.5 1010.28
8.8 8.11506 11.5 1010.08
8.9 8.16006 11.5 1010.3
9 8.20006 11.5 1010.54
9.1 8.28339 11.5 1010.79
9.2 8.35839 11.5 1011.06
9.4 8.43339 11.5 1011.34
9.6 8.48339 11.5 1011.64
9.4 8.45839 11.4 1011.31
9.6 8.45839 11.4 1011.66
9.9 8.53339 11.4 1012.04
10.2 8.53339 11.4 1012.44
10 8.53339 11.4 1011.84
9.8 8.60006 11.4 1011.2
