17.7 10.206 10.9 1028.58
17.7 10.2143 11 1028.69
17.7 10.2227 10.8 1028.57
17.7 10.256 10.3 1028.45
17.7 10.2833 10 1028.34
17.7 10.3105 9.7 1028.19
17.6 10.2978 9.7 1028.35
17.5 10.2934 9.7 1028.51
17.5 10.2934 9.7 1028.34
17.4 10.2781 9.7 1028.5
17.3 10.2995 9.6 1028.67
17.4 10.2763 9.6 1028.49
17.3 10.3168 9.5 1028.67
17.2 10.3596 9.3 1028.87
17.1 10.4263 9.2 1029.07
17 10.4963 9.1 1029.29
17 10.3963 9.2 1029.05
17.1 10.3313 9.2 1028.83
17.2 10.2613 9.1 1028.58
17.3 10.2113 9 1028.33
17.2 10.2663 9 1028.6
17.2 10.1913 9 1028.3
17.3 10.1413 9 1028
17.4 10.1246 9 1027.75
17.3 10.158 9 1028.05
17.3 10.308 9 1028.35
17.3 10.458 9 1028.7
17.3 10.308 9 1028.2
17.3 10.158 9 1027.65
17.3 10.008 9 1027.05
17.3 9.85798 9 1026.4
17.3 9.70798 9 1025.7
17.3 9.55798 9 1024.95
