11.6 10.1098 11.5 1016.28
11.6 10.1098 11.5 1016.18
11.6 10.1265 11.4 1016.07
11.6 10.1356 11.4 1015.96
11.6 10.1446 11.4 1015.83
11.6 10.1537 11.4 1015.66
11.6 10.1446 11.5 1015.47
11.6 10.1246 11.5 1015.65
11.5 10.1235 11.6 1015.46
11.5 10.1124 11.6 1015.65
11.5 10.1124 11.6 1015.84
11.4 10.0839 11.6 1015.64
11.5 10.1029 11.6 1015.82
11.6 10.1196 11.6 1016.02
11.5 10.1162 11.5 1015.84
11.5 10.0962 11.5 1016.02
11.4 10.0712 11.5 1015.82
11.5 10.0912 11.4 1016.04
11.5 10.0912 11.4 1016.27
11.6 10.1412 11.4 1016.52
11.7 10.1829 11.4 1016.79
11.9 10.2079 11.4 1017.07
12.1 10.2079 11.4 1017.37
11.9 10.2329 11.3 1017.04
12.1 10.1829 11.3 1017.39
12.4 10.1579 11.3 1017.77
12.6 10.1246 11.3 1018.23
12.4 10.2246 11.3 1017.63
12.6 10.0579 11.3 1018.17
