0.7 6.22271 10 999.509
0.7 6.22271 10 999.409
0.7 6.23938 9.9 999.301
0.7 6.27271 9.7 999.184
0.8 6.30453 9.4 999.066
0.9 6.32998 9.3 998.946
0.9 6.37998 9.1 998.826
0.8 6.33332 9.1 998.959
0.9 6.37498 9 998.834
0.7 6.34006 9.1 998.977
0.8 6.34542 9.1 998.82
0.6 6.33709 9 998.987
0.5 6.37756 8.9 999.17
0.6 6.33471 9 998.97
0.7 6.25613 9 998.72
0.5 6.31042 8.9 998.96
0.3 6.37709 8.9 999.21
0.4 6.26209 8.9 998.935
0.6 6.17542 8.9 998.668
0.8 6.07542 9 998.368
1.1 5.99542 9 998.068
0.8 6.10542 9 998.418
0.4 6.44542 9 999.018
