31.1 4.87067 14.4 1014.53
31.1 4.879 14.5 1014.64
31.1 4.879 14.2 1014.53
31.1 4.879 13.9 1014.41
31 4.8987 13.5 1014.3
31.1 4.89491 13.6 1014.44
31 4.89946 13.3 1014.29
30.9 4.93309 12.8 1014.15
30.8 4.94754 12.5 1014.02
30.9 4.94309 12.6 1014.16
31 4.93754 12.8 1014.31
31.1 4.94448 13 1014.46
31.3 4.90321 13.4 1014.6
31.5 4.85877 13.8 1014.76
31.2 4.8921 13.4 1014.59
30.8 4.93432 13 1014.41
31.1 4.86432 13.4 1014.56
30.7 4.92682 13.1 1014.4
31.1 4.85182 13.3 1014.57
31.6 4.72682 13.6 1014.75
32.2 4.61432 13.8 1014.94
32.9 4.41432 14 1015.14
