19.1 9.43446 11.1 1024.93
19.1 9.44279 11.2 1025.04
19.1 9.45113 11 1024.92
19.1 9.48446 10.5 1024.8
19.1 9.51173 10.2 1024.69
19.1 9.53901 9.9 1024.54
19 9.52628 9.9 1024.7
18.9 9.52183 9.9 1024.86
18.8 9.5185 9.9 1025.02
18.8 9.5185 9.9 1024.85
18.7 9.50461 9.9 1025.02
18.7 9.51711 9.7 1025.21
18.6 9.51533 9.7 1025.39
18.6 9.51533 9.6 1025.19
18.5 9.48437 9.8 1025.38
18.6 9.51295 9.7 1025.18
18.5 9.49294 9.7 1025.36
18.4 9.47628 9.8 1025.56
18.3 9.46294 9.9 1025.78
18.3 9.46294 9.8 1025.54
18.2 9.42795 9.8 1025.76
18.1 9.39795 9.9 1026.01
18.2 9.40628 9.9 1025.75
18.1 9.40628 9.9 1026.05
18.1 9.47295 9.9 1026.38
18.1 9.53961 9.9 1026.75
18.1 9.47295 9.9 1026.25
18.1 9.40628 9.9 1025.71
18.1 9.33961 9.9 1025.15
18.1 9.27295 9.9 1024.55
18 9.27295 9.9 1023.95
18.1 9.25628 9.9 1024.48
18.2 9.22295 9.9 1025.05
