28.5 4.8553 16 1014.61
28.5 4.86363 16.1 1014.72
28.5 4.86363 15.8 1014.61
28.4 4.8553 15.7 1014.5
28.5 4.86288 15.7 1014.62
28.7 4.87954 15.8 1014.73
28.8 4.88863 15.8 1014.84
28.9 4.895 15.9 1014.98
29 4.91389 15.9 1015.11
29.2 4.95389 15.9 1015.25
29.1 4.94416 15.8 1015.13
29.1 4.93166 15.7 1014.99
29.1 4.89416 15.8 1015.09
29.1 4.90666 15.6 1014.95
29.1 4.91916 15.5 1014.8
29.1 4.89416 15.5 1014.64
29.1 4.91916 15.3 1014.82
29.1 4.94416 15.2 1015
29.1 4.97274 15.1 1015.17
29 4.92035 15.2 1014.99
29 4.90369 15.1 1014.82
29.1 4.93035 15 1014.68
29.2 4.95369 15 1014.52
29.3 4.99369 15.1 1014.36
29.4 5.05035 15.1 1014.2
29.3 4.99702 14.9 1014.38
29.2 4.94702 14.8 1014.58
29.1 4.92702 14.7 1014.78
29.1 4.92702 14.8 1014.56
29.2 4.97702 14.8 1014.36
29.2 5.01035 14.8 1014.12
29.3 5.11035 14.8 1013.92
29.4 5.19369 14.8 1013.67
29.3 5.12702 14.8 1013.97
29.3 5.12702 14.8 1014.32
29.4 5.17702 14.8 1014.67
29.5 5.17702 14.8 1015.07
29.4 5.22702 14.8 1014.52
29.3 5.32702 14.8 1013.92
