11.6 10.1098 11.5 1016.28
11.6 10.1181 11.6 1016.39
11.7 10.1083 11.8 1016.5
11.7 10.1265 11.8 1016.63
11.7 10.1446 11.8 1016.8
11.7 10.1628 11.8 1016.99
11.8 10.1637 11.8 1017.18
11.9 10.176 11.8 1017.37
12 10.1871 11.8 1017.57
12.1 10.2121 11.8 1017.77
12.2 10.2549 11.8 1017.97
12 10.1924 11.9 1017.76
12.1 10.2258 12 1017.96
11.9 10.1715 11.9 1017.74
11.8 10.1515 11.8 1017.54
11.7 10.1015 11.8 1017.34
11.8 10.1465 11.8 1017.56
11.9 10.1865 11.8 1017.8
12 10.2698 11.8 1018.05
12.1 10.3448 11.8 1018.33
12.3 10.4198 11.8 1018.6
12.5 10.4698 11.8 1018.9
12.3 10.4448 11.7 1018.58
12.5 10.4448 11.7 1018.93
12.8 10.5198 11.7 1019.3
13.1 10.5198 11.7 1019.7
12.9 10.5198 11.7 1019.1
12.7 10.5865 11.7 1018.47
