18.2 9.22295 9.9 1025.05
18.2 9.22295 9.9 1024.95
18.2 9.23962 9.8 1024.84
18.2 9.27295 9.6 1024.73
18.3 9.30477 9.4 1024.61
18.3 9.35931 9.1 1024.49
18.4 9.38204 9.1 1024.34
18.5 9.38386 9.3 1024.16
18.6 9.39719 9.4 1023.99
18.4 9.36969 9.3 1024.15
18.5 9.37247 9.6 1023.98
18.3 9.39469 9.3 1024.18
18.5 9.35819 9.6 1023.97
18.7 9.33319 9.7 1023.77
18.9 9.30402 9.8 1023.55
18.7 9.29831 9.7 1023.73
18.9 9.29831 9.8 1023.53
18.6 9.28402 9.6 1023.73
18.8 9.25902 9.8 1023.5
18.6 9.29235 9.5 1023.75
18.3 9.32569 9.2 1024.02
18.5 9.27902 9.4 1023.75
18.7 9.21902 9.6 1023.45
18.4 9.25902 9.5 1023.75
18.1 9.32902 9.4 1024.1
17.9 9.45402 9.4 1024.5
17.6 9.75402 9.4 1025.1
