8.5 9.73692 11.7 1010.31
8.5 9.74525 11.8 1010.42
8.5 9.75359 11.6 1010.3
8.5 9.78692 11.1 1010.19
8.5 9.81419 10.8 1010.07
8.5 9.84147 10.5 1009.92
8.4 9.82874 10.5 1010.08
8.3 9.8243 10.5 1010.24
8.2 9.82096 10.5 1010.4
8.2 9.82096 10.5 1010.23
8.1 9.80707 10.5 1010.4
8.1 9.81957 10.3 1010.59
8 9.81779 10.3 1010.77
8 9.81779 10.2 1010.57
7.9 9.78683 10.4 1010.76
8 9.81541 10.3 1010.56
7.9 9.79541 10.3 1010.74
7.8 9.77874 10.4 1010.94
7.7 9.76541 10.5 1011.16
7.7 9.76541 10.4 1010.92
7.6 9.73041 10.4 1011.14
7.5 9.70041 10.5 1011.39
7.6 9.70874 10.5 1011.13
7.5 9.70874 10.5 1011.43
7.5 9.77541 10.5 1011.76
7.5 9.84207 10.5 1012.13
7.5 9.77541 10.5 1011.63
7.5 9.70874 10.5 1011.09
7.5 9.64207 10.5 1010.53
7.5 9.57541 10.5 1009.93
7.4 9.57541 10.5 1009.33
7.5 9.55874 10.5 1009.86
7.6 9.52541 10.5 1010.43
